15:
  PRESELECTION:
    false:
      DITAU_DETA:
        NONISOL:
          OS_ISOL:
            qcd_data_scale: 1.0
            qcd_others_scale: 1.0
            qcd_scale: 1.3304746088664015
            qcd_scale_error: 0.09079419361121523
            qcd_z_scale: 1.0
            z_scale: 0.5996587230618505
            z_scale_error: 0.13343077279877852
        nOS_NONISOL:
          OS_ISOL:
            qcd_data_scale: 1.0
            qcd_others_scale: 1.0
            qcd_scale: 2.084931835148326
            qcd_scale_error: 0.2614195053810986
            qcd_z_scale: 1.0
            z_scale: 1.048962918152274
            z_scale_error: 0.1258072967064147
