15:
  PRESELECTION:
    false:
      DITAU_DETA:
        NONISOL:
          OS_ISOL:
            qcd_data_scale: 1.0
            qcd_others_scale: 1.0
            qcd_scale: 1.3304746088664015
            qcd_scale_error: 0.09079419361121523
            qcd_z_scale: 1.0
            z_scale: 0.5996587230618505
            z_scale_error: 0.13343077279877852
        nOS_NONISOL:
          OS_ISOL:
            qcd_data_scale: 1.0
            qcd_others_scale: 1.0
            qcd_scale: 2.0845976236497017
            qcd_scale_error: 0.2576566972266547
            qcd_z_scale: 1.0
            z_scale: 1.0399432268457784
            z_scale_error: 0.12682633749737285
